16 60 85
0 0 11 1 r0
0 1 12 1 r1
0 2 13 1 r2
0 3 14 1 r3
0 4 15 1 r4
1 0 11 1 r0
1 1 12 1 r1
1 2 13 1 r2
1 3 14 1 r3
1 4 15 1 r4
2 0 11 1 r0
2 1 12 1 r1
2 2 13 1 r2
2 3 14 1 r3
2 4 15 1 r4
3 0 11 1 r0
3 1 12 1 r1
3 2 13 1 r2
3 3 14 1 r3
3 4 15 1 r4
4 0 11 1 r0
4 1 12 1 r1
4 2 13 1 r2
4 3 14 1 r3
4 4 15 1 r4
5 0 11 1 r0
5 1 12 1 r1
5 2 13 1 r2
5 3 14 1 r3
5 4 15 1 r4
6 0 6 1 end
7 0 7 1 end
8 0 8 1 end
9 0 9 1 end
10 0 10 1 end
11 0 1 0.177244511262 n0rs0
11 0 6 0.822755488738 n0rs0
11 1 1 0.15967524783 n0rs1
11 1 6 0.84032475217 n0rs1
11 2 1 0.0775827131687 n0rs2
11 2 6 0.922417286831 n0rs2
11 3 1 0.0797144660072 n0rs3
11 3 6 0.920285533993 n0rs3
11 4 1 0.164594403578 n0rs4
11 4 6 0.835405596422 n0rs4
12 0 2 0.0037012738212 n1rs0
12 0 7 0.996298726179 n1rs0
12 1 2 0.0911637224799 n1rs1
12 1 7 0.90883627752 n1rs1
12 2 2 0.134956038713 n1rs2
12 2 7 0.865043961287 n1rs2
12 3 2 0.198133331101 n1rs3
12 3 7 0.801866668899 n1rs3
12 4 2 0.135949728757 n1rs4
12 4 7 0.864050271243 n1rs4
13 0 3 0.155757766594 n2rs0
13 0 8 0.844242233406 n2rs0
13 1 3 0.0513917909093 n2rs1
13 1 8 0.948608209091 n2rs1
13 2 3 0.0322930501355 n2rs2
13 2 8 0.967706949864 n2rs2
13 3 3 0.0799386329388 n2rs3
13 3 8 0.920061367061 n2rs3
13 4 3 0.0201912555222 n2rs4
13 4 8 0.979808744478 n2rs4
14 0 4 0.19999149179 n3rs0
14 0 9 0.80000850821 n3rs0
14 1 4 0.000368804234915 n3rs1
14 1 9 0.999631195765 n3rs1
14 2 4 0.00505235410328 n3rs2
14 2 9 0.994947645897 n3rs2
14 3 4 0.0750172611233 n3rs3
14 3 9 0.924982738877 n3rs3
14 4 4 0.0541067727315 n3rs4
14 4 9 0.945893227269 n3rs4
15 0 5 0.149425323655 n4rs0
15 0 10 0.850574676345 n4rs0
15 1 5 0.19250228522 n4rs1
15 1 10 0.80749771478 n4rs1
15 2 5 0.193280848924 n4rs2
15 2 10 0.806719151076 n4rs2
15 3 5 0.0487911722839 n4rs3
15 3 10 0.951208827716 n4rs3
15 4 5 0.161921565164 n4rs4
15 4 10 0.838078434836 n4rs4
